depths_11;   %assign values for matrices 
 
X = cell(260,1); %pre-allocate matrix cell
Y = cell(260,1); %pre-allocate matrix name cell

X{1} = [1 0 0; 0 1 0; 0 0 1];
X{2} = I0;
X{3} = A31;
X{4} = A32;
X{5} = A41;
X{6} = A51;
X{7} = A52;
X{8} = A53;
X{9} = A54;
X{10} = A91;
X{11} = A92;
X{12} = A93;
X{13} = A94;
X{14} = A95;
X{15} = A96;
X{16} = A97;
X{17} = A98;
X{18} = A99;
X{19} = A910;
X{20} = A911;
X{21} = A912;
X{22} = A111;
X{23} = A112;
X{24} = A113;
X{25} = A114;
X{26} = A115;
X{27} = A116;
X{28} = A117;
X{29} = A118;
X{30} = A119;
X{31} = A1110;
X{32} = A121;
X{33} = A122;
X{34} = A151;
X{35} = A152;
X{36} = A153;
X{37} = A154;
X{38} = A155;
X{39} = A156;
X{40} = A157;
X{41} = A158;
X{42} = A159;
X{43} = A1510;
X{44} = A1511;
X{45} = A1512;
X{46} = A1513;
X{47} = A1514;
X{48} = A1515;
X{49} = A1516;
X{50} = A161;
X{51} = A162;
X{52} = A163;
X{53} = A164;
X{54} = A165;
X{55} = A166;
X{56} = A167;
X{57} = A168;
X{58} = A201;
X{59} = A202;
X{60} = A203;
X{61} = A204;
X{62} = A231;
X{63} = A232;
X{64} = A233;
X{65} = A234;
X{66} = A235;
X{67} = A236;
X{68} = A237;
X{69} = A238;
X{70} = A239;
X{71} = A2310;
X{72} = A2311;
X{73} = A2312;
X{74} = A2313;
X{75} = A2314;
X{76} = A2315;
X{77} = A2316;
X{78} = A2317;
X{79} = A2318;
X{80} = A2319;
X{81} = A2320;
X{82} = A2321;
X{83} = A2322;
X{84} = A251;
X{85} = A252;
X{86} = A253;
X{87} = A254;
X{88} = A255;
X{89} = A256;
X{90} = A257;
X{91} = A258;
X{92} = A259;
X{93} = A2510;
X{94} = A2511;
X{95} = A2512;
X{96} = A2513;
X{97} = A2514;
X{98} = A2515;
X{99} = A2516;
X{100} = A2517;
X{101} = A2518;
X{102} = A2519;
X{103} = A2520;
X{104} = A2521;
X{105} = A2522;
X{106} = A2523;
X{107} = A2524;
X{108} = A2525;
X{109} = A2526;
X{110} = A2527;
X{111} = A2528;
X{112} = A2529;
X{113} = A2530;
X{114} = A2531;
X{115} = A2532;
X{116} = A2533;
X{117} = A2534;
X{118} = A2535;
X{119} = A2536;
X{120} = A2537;
X{121} = A271;
X{122} = A272;
X{123} = A273;
X{124} = A274;
X{125} = A275;
X{126} = A276;
X{127} = A277;
X{128} = A278;
X{129} = A279;
X{130} = A2710;
X{131} = A2711;
X{132} = A2712;
X{133} = A2713;
X{134} = A2714;
X{135} = A2715;
X{136} = A2716;
X{137} = A2717;
X{138} = A2718;
X{139} = A2719;
X{140} = A2720;
X{141} = A2721;
X{142} = A2722;
X{143} = A2723;
X{144} = A2724;
X{145} = A2725;
X{146} = A2726;
X{147} = A2727;
X{148} = A2728;
X{149} = A2729;
X{150} = A2730;
X{151} = A2731;
X{152} = A2732;
X{153} = A2733;
X{154} = A2734;
X{155} = A2735;
X{156} = A2736;
X{157} = A2737;
X{158} = A2738;
X{159} = A2739;
X{160} = A2740;
X{161} = A2741;
X{162} = A2742;
X{163} = A311;
X{164} = A312;
X{165} = A313;
X{166} = A314;
X{167} = A315;
X{168} = A316;
X{169} = A317;
X{170} = A318;
X{171} = A319;
X{172} = A3110;
X{173} = A3111;
X{174} = A3112;
X{175} = A3113;
X{176} = A3114;
X{177} = A3115;
X{178} = A3116;
X{179} = A3117;
X{180} = A3118;
X{181} = A3119;
X{182} = A3120;
X{183} = A3121;
X{184} = A3122;
X{185} = A3123;
X{186} = A3124;
X{187} = A3125;
X{188} = A3126;
X{189} = A3127;
X{190} = A3128;
X{191} = A3129;
X{192} = A3130;
X{193} = A331;
X{194} = A332;
X{195} = A333;
X{196} = A334;
X{197} = A335;
X{198} = A336;
X{199} = A337;
X{200} = A338;
X{201} = A339;
X{202} = A3310;
X{203} = A3311;
X{204} = A3312;
X{205} = A3313;
X{206} = A3314;
X{207} = A3315;
X{208} = A3316;
X{209} = A3317;
X{210} = A3318;
X{211} = A3319;
X{212} = A3320;
X{213} = A361;
X{214} = A362;
X{215} = A363;
X{216} = A364;
X{217} = A365;
X{218} = A366;
X{219} = A367;
X{220} = A368;
X{221} = A369;
X{222} = A3610;
X{223} = A3611;
X{224} = A3612;
X{225} = A371;
X{226} = A372;
X{227} = A373;
X{228} = A374;
X{229} = A375;
X{230} = A376;
X{231} = A377;
X{232} = A378;
X{233} = A379;
X{234} = A3710;
X{235} = A3711;
X{236} = A3712;
X{237} = A3713;
X{238} = A3714;
X{239} = A3715;
X{240} = A3716;
X{241} = A3717;
X{242} = A3718;
X{243} = A3719;
X{244} = A3720;
X{245} = A3721;
X{246} = A3722;
X{247} = A3723;
X{248} = A3724;
X{249} = A3725;
X{250} = A3726;
X{251} = A3727;
X{252} = A3728;
X{253} = A3729;
X{254} = A3730;
X{255} = A3731;
X{256} = A3732;
X{257} = A3733;
X{258} = A3734;
X{259} = A3735;
X{260} = A3736;

Y{1} = 'Id';
Y{2} = 'I0';
Y{3} = 'A31';
Y{4} = 'A32';
Y{5} = 'A41';
Y{6} = 'A51';
Y{7} = 'A52';
Y{8} = 'A53';
Y{9} = 'A54';
Y{10} = 'A91';
Y{11} = 'A92';
Y{12} = 'A93';
Y{13} = 'A94';
Y{14} = 'A95';
Y{15} = 'A96';
Y{16} = 'A97';
Y{17} = 'A98';
Y{18} = 'A99';
Y{19} = 'A910';
Y{20} = 'A911';
Y{21} = 'A912';
Y{22} = 'A111';
Y{23} = 'A112';
Y{24} = 'A113';
Y{25} = 'A114';
Y{26} = 'A115';
Y{27} = 'A116';
Y{28} = 'A117';
Y{29} = 'A118';
Y{30} = 'A119';
Y{31} = 'A1110';
Y{32} = 'A121';
Y{33} = 'A122';
Y{34} = 'A151';
Y{35} = 'A152';
Y{36} = 'A153';
Y{37} = 'A154';
Y{38} = 'A155';
Y{39} = 'A156';
Y{40} = 'A157';
Y{41} = 'A158';
Y{42} = 'A159';
Y{43} = 'A1510';
Y{44} = 'A1511';
Y{45} = 'A1512';
Y{46} = 'A1513';
Y{47} = 'A1514';
Y{48} = 'A1515';
Y{49} = 'A1516';
Y{50} = 'A161';
Y{51} = 'A162';
Y{52} = 'A163';
Y{53} = 'A164';
Y{54} = 'A165';
Y{55} = 'A166';
Y{56} = 'A167';
Y{57} = 'A168';
Y{58} = 'A201';
Y{59} = 'A202';
Y{60} = 'A203';
Y{61} = 'A204';
Y{62} = 'A231';
Y{63} = 'A232';
Y{64} = 'A233';
Y{65} = 'A234';
Y{66} = 'A235';
Y{67} = 'A236';
Y{68} = 'A237';
Y{69} = 'A238';
Y{70} = 'A239';
Y{71} = 'A2310';
Y{72} = 'A2311';
Y{73} = 'A2312';
Y{74} = 'A2313';
Y{75} = 'A2314';
Y{76} = 'A2315';
Y{77} = 'A2316';
Y{78} = 'A2317';
Y{79} = 'A2318';
Y{80} = 'A2319';
Y{81} = 'A2320';
Y{82} = 'A2321';
Y{83} = 'A2322';
Y{84} = 'A251';
Y{85} = 'A252';
Y{86} = 'A253';
Y{87} = 'A254';
Y{88} = 'A255';
Y{89} = 'A256';
Y{90} = 'A257';
Y{91} = 'A258';
Y{92} = 'A259';
Y{93} = 'A2510';
Y{94} = 'A2511';
Y{95} = 'A2512';
Y{96} = 'A2513';
Y{97} = 'A2514';
Y{98} = 'A2515';
Y{99} = 'A2516';
Y{100} = 'A2517';
Y{101} = 'A2518';
Y{102} = 'A2519';
Y{103} = 'A2520';
Y{104} = 'A2521';
Y{105} = 'A2522';
Y{106} = 'A2523';
Y{107} = 'A2524';
Y{108} = 'A2525';
Y{109} = 'A2526';
Y{110} = 'A2527';
Y{111} = 'A2528';
Y{112} = 'A2529';
Y{113} = 'A2530';
Y{114} = 'A2531';
Y{115} = 'A2532';
Y{116} = 'A2533';
Y{117} = 'A2534';
Y{118} = 'A2535';
Y{119} = 'A2536';
Y{120} = 'A2537';
Y{121} = 'A271';
Y{122} = 'A272';
Y{123} = 'A273';
Y{124} = 'A274';
Y{125} = 'A275';
Y{126} = 'A276';
Y{127} = 'A277';
Y{128} = 'A278';
Y{129} = 'A279';
Y{130} = 'A2710';
Y{131} = 'A2711';
Y{132} = 'A2712';
Y{133} = 'A2713';
Y{134} = 'A2714';
Y{135} = 'A2715';
Y{136} = 'A2716';
Y{137} = 'A2717';
Y{138} = 'A2718';
Y{139} = 'A2719';
Y{140} = 'A2720';
Y{141} = 'A2721';
Y{142} = 'A2722';
Y{143} = 'A2723';
Y{144} = 'A2724';
Y{145} = 'A2725';
Y{146} = 'A2726';
Y{147} = 'A2727';
Y{148} = 'A2728';
Y{149} = 'A2729';
Y{150} = 'A2730';
Y{151} = 'A2731';
Y{152} = 'A2732';
Y{153} = 'A2733';
Y{154} = 'A2734';
Y{155} = 'A2735';
Y{156} = 'A2736';
Y{157} = 'A2737';
Y{158} = 'A2738';
Y{159} = 'A2739';
Y{160} = 'A2740';
Y{161} = 'A2741';
Y{162} = 'A2742';
Y{163} = 'A311';
Y{164} = 'A312';
Y{165} = 'A313';
Y{166} = 'A314';
Y{167} = 'A315';
Y{168} = 'A316';
Y{169} = 'A317';
Y{170} = 'A318';
Y{171} = 'A319';
Y{172} = 'A3110';
Y{173} = 'A3111';
Y{174} = 'A3112';
Y{175} = 'A3113';
Y{176} = 'A3114';
Y{177} = 'A3115';
Y{178} = 'A3116';
Y{179} = 'A3117';
Y{180} = 'A3118';
Y{181} = 'A3119';
Y{182} = 'A3120';
Y{183} = 'A3121';
Y{184} = 'A3122';
Y{185} = 'A3123';
Y{186} = 'A3124';
Y{187} = 'A3125';
Y{188} = 'A3126';
Y{189} = 'A3127';
Y{190} = 'A3128';
Y{191} = 'A3129';
Y{192} = 'A3130';
Y{193} = 'A331';
Y{194} = 'A332';
Y{195} = 'A333';
Y{196} = 'A334';
Y{197} = 'A335';
Y{198} = 'A336';
Y{199} = 'A337';
Y{200} = 'A338';
Y{201} = 'A339';
Y{202} = 'A3310';
Y{203} = 'A3311';
Y{204} = 'A3312';
Y{205} = 'A3313';
Y{206} = 'A3314';
Y{207} = 'A3315';
Y{208} = 'A3316';
Y{209} = 'A3317';
Y{210} = 'A3318';
Y{211} = 'A3319';
Y{212} = 'A3320';
Y{213} = 'A361';
Y{214} = 'A362';
Y{215} = 'A363';
Y{216} = 'A364';
Y{217} = 'A365';
Y{218} = 'A366';
Y{219} = 'A367';
Y{220} = 'A368';
Y{221} = 'A369';
Y{222} = 'A3610';
Y{223} = 'A3611';
Y{224} = 'A3612';
Y{225} = 'A371';
Y{226} = 'A372';
Y{227} = 'A373';
Y{228} = 'A374';
Y{229} = 'A375';
Y{230} = 'A376';
Y{231} = 'A377';
