depths;  %assign values for lifts and matrices

X = cell(51,1);  %pre-allocate matrix cell
Y = cell(51,1);  %pre-allocate lifts cell

A = cell(51,1);  %pre-allocate matrix name cell
B = cell(51,1);  %pre-allocate lift name cell

X{1} = [1 0 0; 0 1 0; 0 0 1];
X{2} = I0;
X{3} = A21;
X{4} = A31;
X{5} = A32;
X{6} = A33;
X{7} = A41;
X{8} = A42;
X{9} = A61;
X{10} = A62;
X{11} = A63;
X{12} = A81;
X{13} = A82;
X{14} = A83;
X{15} = A84;
X{16} = A91;
X{17} = A92;
X{18} = A93;
X{19} = A94;
X{20} = A95;
X{21} = A96;
X{22} = A97;
X{23} = A98;
X{24} = A99;
X{25} = A910;
X{26} = A911;
X{27} = A912;
X{28} = A913;
X{29} = A914;
X{30} = A111;
X{31} = A112;
X{32} = A113;
X{33} = A114;
X{34} = A115;
X{35} = A116;
X{36} = A117;
X{37} = A118;
X{38} = A119;
X{39} = A1110;
X{40} = A121;
X{41} = A122; 
X{42} = A123;
X{43} = A124;
X{44} = A161;
X{45} = A162;
X{46} = A163;
X{47} = A164;
X{48} = A165;
X{49} = A166;
X{50} = A167;
X{51} = A168;

Y{1} = 'Id';
Y{2} = 'I0';
Y{3} = 'A21';
Y{4} = 'A31';
Y{5} = 'A32';
Y{6} = 'A33';
Y{7} = 'A41';
Y{8} = 'A42';
Y{9} = 'A61';
Y{10} = 'A62';
Y{11} = 'A63';
Y{12} = 'A81';
Y{13} = 'A82';
Y{14} = 'A83';
Y{15} = 'A84';
Y{16} = 'A91';
Y{17} = 'A92';
Y{18} = 'A93';
Y{19} = 'A94';
Y{20} = 'A95';
Y{21} = 'A96';
Y{22} = 'A97';
Y{23} = 'A98';
Y{24} = 'A99';
Y{25} = 'A910';
Y{26} = 'A911';
Y{27} = 'A912';
Y{28} = 'A913';
Y{29} = 'A914';
Y{30} = 'A111';
Y{31} = 'A112';
Y{32} = 'A113';
Y{33} = 'A114';
Y{34} = 'A115';
Y{35} = 'A116';
Y{36} = 'A117';
Y{37} = 'A118';
Y{38} = 'A119';
Y{39} = 'A1110';
Y{40} = 'A121';
Y{41} = 'A122'; 
Y{42} = 'A123';
Y{43} = 'A124';
Y{44} = 'A161';
Y{45} = 'A162';
Y{46} = 'A163';
Y{47} = 'A164';
Y{48} = 'A165';
Y{49} = 'A166';
Y{50} = 'A167';
Y{51} = 'A168';

A{1} = Pin;
A{2} = P0;
A{3} = P21;
A{4} = P31;
A{5} = P32;
A{6} = P33;
A{7} = P41;
A{8} = P42;
A{9} = P61;
A{10} = P62;
A{11} = P63;
A{12} = P81;
A{13} = P82;
A{14} = P83;
A{15} = P84;
A{16} = P91;
A{17} = P92;
A{18} = P93;
A{19} = P94;
A{20} = P95;
A{21} = P96;
A{22} = P97;
A{23} = P98;
A{24} = P99;
A{25} = P910;
A{26} = P911;
A{27} = P912;
A{28} = P913;
A{29} = P914;
A{30} = P111;
A{31} = P112;
A{32} = P113;
A{33} = P114;
A{34} = P115;
A{35} = P116;
A{36} = P117;
A{37} = P118;
A{38} = P119;
A{39} = P1110;
A{40} = P121;
A{41} = P122; 
A{42} = P123;
A{43} = P124;
A{44} = P161;
A{45} = P162;
A{46} = P163;
A{47} = P164;
A{48} = P165;
A{49} = P166;
A{50} = P167;
A{51} = P168;

B{1} = 'Inf';
B{2} = 'p0';
B{3} = 'p21';
B{4} = 'p31';
B{5} = 'p32';
B{6} = 'p33';
B{7} = 'p41';
B{8} = 'p42';
B{9} = 'p61';
B{10} = 'p62';
B{11} = 'p63';
B{12} = 'p81';
B{13} = 'p82';
B{14} = 'p83';
B{15} = 'p84';
B{16} = 'p91';
B{17} = 'p92';
B{18} = 'p93';
B{19} = 'p94';
B{20} = 'p95';
B{21} = 'p96';
B{22} = 'p97';
B{23} = 'p98';
B{24} = 'p99';
B{25} = 'p910';
B{26} = 'p911';
B{27} = 'p912';
B{28} = 'p913';
B{29} = 'p914';
B{30} = 'p111';
B{31} = 'p112';
B{32} = 'p113';
B{33} = 'p114';
B{34} = 'p115';
B{35} = 'p116';
B{36} = 'p117';
B{37} = 'p118';
B{38} = 'p119';
B{39} = 'p1110';
B{40} = 'p121';
B{41} = 'p122'; 
B{42} = 'p123';
B{43} = 'p124';
B{44} = 'p161';
B{45} = 'p162';
B{46} = 'p163';
B{47} = 'p164';
B{48} = 'p165';
B{49} = 'p166';
B{50} = 'p167';
B{51} = 'p168';

G = cell(7,1);

G{1} = T2;
G{2} = Ti;
G{3} = Tsq2;
G{4} = T2^(-1);
G{5} = Ti^(-1);
G{6} = Tsq2^(-1);
G{7} = R;
