A311 = [cmp11(-11,-4) cmp11(4,-8) cmp11(-4,8); -1 -1 0; cmp11(-4,3) -5 5];
A312 = [cmp11(-2,-1) cmp11(-3,2) 3; -2 cmp11(0,1) cmp11(1,-1); cmp11(-4,3) cmp11(5,2) cmp11(1,-3)];
A313 = [cmp11(-1,-1) cmp11(-4,2) cmp11(2,2); -3 cmp11(-1,3) 4; cmp11(-4,3) cmp11(8,3) cmp11(9,-5)];
A314 = [cmp11(-8,-4) 4 cmp11(12,-7); -4 cmp11(2,-1) cmp11(2,-3); cmp11(-4,3) cmp11(0,-1) cmp11(-5,-2)];
A315 = [cmp11(-9,-5) cmp11(-1,2) cmp11(-8,5); -5 1 cmp11(-1,2); cmp11(-4,3) 1 cmp11(3,1)];
A316 = [cmp11(-4,-4) cmp11(-10,2) cmp11(10,-1); -6 cmp11(-4,3) cmp11(4,-3); cmp11(-4,3) cmp11(2,3) cmp11(-1,-3)];
A317 = [cmp11(-7,-6) cmp11(-10,2) cmp11(-4,4); -7 cmp11(-3,2) cmp11(0,2); cmp11(-4,3) cmp11(1,2) 3];
A318 = [cmp11(-13,-5) cmp11(7,-3) cmp11(-1,2); cmp11(-2,1) -1 0; cmp11(-4,3) cmp11(-1,-1) 1];
A319 = [cmp11(-1,-1) -2 cmp11(-1,1); cmp11(-3,1) cmp11(-1,1) cmp11(1,1); cmp11(-4,3) cmp11(-1,3) 5];
A3110 = [cmp11(-11,-5) cmp11(-13,-2) cmp11(-6,9); cmp11(-4,1) cmp11(-4,2) cmp11(3,1); cmp11(-4,3) cmp11(-2,3) 5];
A3111 = [cmp11(-1,-2) 2 1; cmp11(-5,1) cmp11(1,-2) cmp11(1,-1); cmp11(-4,3) cmp11(-2,-1) cmp11(-1,-1)];
A3112 = [cmp11(1,-2) cmp11(1,-2) cmp11(-2,1); cmp11(-6,1) cmp11(-7,1) cmp11(4,1); cmp11(-4,3) cmp11(-5,4) cmp11(5,-2)];
A3113 = [cmp11(-11,-5) cmp11(-13,5) cmp11(-4,7); cmp11(-3,2) cmp11(2,1) 2; cmp11(-4,3) cmp11(2,2) 4];
A3114 = [cmp11(-10,-5) cmp11(-21,4) cmp11(5,7); cmp11(-4,2) cmp11(0,3) cmp11(3,-1); cmp11(-4,3) cmp11(1,4) cmp11(5,-2)];
A3115 = [cmp11(-3,-3) cmp11(0,-2) cmp11(-1,1); cmp11(-5,2) cmp11(-3,1) 1; cmp11(-4,3) cmp11(-2,1) 1];
A3116 = [-1 0 cmp11(-1,2); cmp11(-2,1) -1 cmp11(4,3); cmp11(1,3) cmp11(1,1) cmp11(18,-5)];
A3117 = [-4 2 cmp11(1,-1); cmp11(-4,2) cmp11(3,-1) cmp11(0,-1); cmp11(1,3) cmp11(-1,-2) -3];
A3118 = [-9 cmp11(-3,-3) cmp11(4,-3); cmp11(-6,3) -4 cmp11(-1,-2); cmp11(1,3) cmp11(-3,2) -3];
A3119 = [cmp11(-12,3) cmp11(0,-7) 7; cmp11(-1,1) -1 0; cmp11(1,3) cmp11(-6,1) cmp11(1,-2)];
A3120 = [-3 cmp11(-1,-2) cmp11(4,-3); cmp11(-3,2) -4 cmp11(-3,-3); cmp11(1,3) cmp11(-6,3) -9];
A3121 = [cmp11(-15,2) cmp11(-8,-7) cmp11(9,5); cmp11(-5,3) -6 5; cmp11(1,3) cmp11(-5,3) cmp11(4,-3)];
A3122 = [cmp11(-12,3) cmp11(-7,7) 7; cmp11(0,1) 1 0; cmp11(1,3) cmp11(5,1) cmp11(1,-2)];
A3123 = [cmp11(-10,2) -8 cmp11(3,-5); cmp11(-2,2) cmp11(-3,1) cmp11(-1,-1); cmp11(1,3) cmp11(-1,3) -5];
A3124 = [cmp11(-10,1) cmp11(10,-2) cmp11(4,4); cmp11(-4,3) cmp11(4,-3) 6; cmp11(1,3) cmp11(-2,-3) cmp11(4,-3)];
A3125 = [cmp11(-6,1) cmp11(-1,2) cmp11(1,1); cmp11(-1,2) 1 1; cmp11(1,3) 3 cmp11(2,-1)];
A3126 = [cmp11(-13,2) cmp11(15,-1) cmp11(9,-3); cmp11(-3,3) cmp11(5,-3) cmp11(2,-2); cmp11(1,3) cmp11(0,-4) cmp11(-2,-2)];
A3127 = [cmp11(-10,2) cmp11(-2,-2) cmp11(1,-1); cmp11(0,2) cmp11(-1,1) -1; cmp11(1,3) cmp11(-2,1) -1];
A3128 = [-5 cmp11(-2,1) cmp11(0,1); cmp11(-2,3) cmp11(0,1) 2; cmp11(1,3) cmp11(2,1) cmp11(2,-1)];
A3129 = [-5 cmp11(1,-4) cmp11(4,1); cmp11(-1,3) cmp11(-6,1) cmp11(2,-2); cmp11(1,3) cmp11(-7,2) cmp11(2,-3)];
A3130 = [cmp11(-13,2) cmp11(-5,7) cmp11(6,-7); cmp11(0,3) 4 -5; cmp11(1,3) 5 -5];

function y = cmp11(a,b)
y = a + (b)*((1/2)+(1i)*sqrt(11)*(1/2));
end
