A201 = [cmp11(-6,-5) cmp11(-13,8) cmp11(13,1); -2 cmp11(0,1) cmp11(1,-1); cmp11(-4,2) cmp11(4,2) cmp11(2,-3)];
A202 = [cmp11(-4,-5) cmp11(-11,3) cmp11(1,3); -4 cmp11(-2,3) 3; cmp11(-4,2) cmp11(2,2) cmp11(2,-1)];
A203 = [cmp11(-9,3) cmp11(-3,-4) cmp11(4,-1); cmp11(-2,2) cmp11(-3,-1) cmp11(2,-1); cmp11(2,2) cmp11(-4,2) cmp11(-1,-1)];
A204 = [cmp11(-9,3) cmp11(-2,-7) 11; cmp11(0,2) cmp11(-5,1) cmp11(1,-2); cmp11(2,2) cmp11(-6,2) cmp11(1,-3)];

function y = cmp11(a,b)
y = a + (b)*((1/2)+(1i)*sqrt(11)*(1/2));
end