A151 = [cmp11(-1,-4) -6 6; -1 -1 0; cmp11(-4,1) cmp11(-1,2) cmp11(1,-2)];
A152 = [cmp11(3,-3) cmp11(1,-1) cmp11(4,1); cmp11(-3,-2) cmp11(0,-1) cmp11(4,-2); cmp11(-4,1) -2 cmp11(0,-2)];
A153 = [cmp11(0,-2) -4 cmp11(-10,3); -2 cmp11(-2,1) cmp11(-1,4); cmp11(-4,1) cmp11(-1,3) cmp11(5,5)];
A154 = [cmp11(1,-4) cmp11(0,-1) cmp11(-10,1); cmp11(-3,-1) 0 cmp11(-4,3); cmp11(-4,1) -1 cmp11(1,3)];
A155 = [cmp11(-2,-1) cmp11(-1,2) cmp11(-1,2); -1 1 0; cmp11(-3,2) 4 4];
A156 = [cmp11(-8,-4) cmp11(-2,4) cmp11(-1,2); -2 1 0; cmp11(-3,2) 2 1];
A157 = [cmp11(-5,-4) cmp11(1,-2) cmp11(7,-3); -4 -1 cmp11(1,-2); cmp11(-3,2) -1 cmp11(-2,-1)];
A158 = [cmp11(-1,-1) cmp11(0,-1) 1; cmp11(-2,1) cmp11(-2,1) cmp11(0,-1); cmp11(-3,2) cmp11(-2,1) cmp11(-1,-1)];
A159 = [cmp11(-7,1) cmp11(0,1) cmp11(0,3); cmp11(-3,2) 0 cmp11(2,1); cmp11(1,2) 1 cmp11(3,-1)];
A1510 = [cmp11(-4,1) cmp11(-2,1) cmp11(1,1); cmp11(0,1) 0 1; cmp11(1,2) cmp11(1,1) cmp11(2,-1)];
A1511 = [cmp11(-6,1) cmp11(1,-2) cmp11(1,-1); cmp11(-1,2) -1 -1; cmp11(1,2) -2 -1];
A1512 = [-3 cmp11(2,-2) cmp11(3,-2); cmp11(0,2) -3 -4; cmp11(1,2) -4 -4];
A1513 = [cmp11(-10,5) cmp11(-3,4) cmp11(7,3); cmp11(-2,3) cmp11(1,1) 4; cmp11(3,1) 2 cmp11(2,-2)];
A1514 = [cmp11(-8,5) cmp11(-1,2) cmp11(-9,-5); cmp11(-1,2) 1 -5; cmp11(3,1) 1 cmp11(-4,3)];
A1515 = [cmp11(-2,1) -1 cmp11(-1,-1); cmp11(1,1) 0 cmp11(-2,1); cmp11(3,1) cmp11(-1,1) cmp11(-3,2)];
A1516 = [cmp11(-9,6) cmp11(-9,-1) cmp11(10,1); cmp11(2,1) cmp11(-2,2) cmp11(1,-2); cmp11(3,1) cmp11(-1,2) cmp11(1,-2)];

function y = cmp11(a,b)
y = a + (b)*((1/2)+(1i)*sqrt(11)*(1/2));
end