A231 = [cmp11(0,-5) cmp11(-8,4) cmp11(28,-2); cmp11(-1,-1) cmp11(-2,1) cmp11(6,-2); cmp11(-5,1) cmp11(3,2) cmp11(2,-9)];
A232 = [cmp11(2,-2) 4 cmp11(-3,1); cmp11(-2,-2) cmp11(5,-3) cmp11(-1,3); cmp11(-5,1) cmp11(-3,-3) 5];
A233 = [cmp11(4,-9) cmp11(13,-3) cmp11(7,3); cmp11(-3,-3) cmp11(5,-3) 4; cmp11(-5,1) cmp11(-2,-2) cmp11(2,-2)];
A234 = [cmp11(0,-1) cmp11(-1,1) cmp11(-3,1); -1 0 cmp11(-1,1); cmp11(-5,1) cmp11(4,1) cmp11(3,4)];
A235 = [cmp11(0,-9) cmp11(3,-4) cmp11(23,-3); cmp11(-2,-1) cmp11(-1,-1) cmp11(4,-2); cmp11(-5,1) -2 cmp11(0,-4)];
A236 = [cmp11(2,-9) cmp11(-6,2) cmp11(-24,3); cmp11(-3,-2) cmp11(-2,1) cmp11(-7,4); cmp11(-5,1) cmp11(1,1) cmp11(1,4)];
A237 = [cmp11(0,-4) cmp11(-4,2) cmp11(-1,1); -2 cmp11(1,1) 1; cmp11(-5,1) cmp11(2,1) 1];
A238 = [cmp11(1,-6) cmp11(2,1) cmp11(11,-1); cmp11(-3,-1) 2 cmp11(3,-2); cmp11(-5,1) cmp11(1,-1) cmp11(0,-3)];
A239 = [cmp11(0,-9) cmp11(3,-6) cmp11(-1,2); -3 -1 0; cmp11(-5,1) -3 1];
A2310 = [cmp11(2,-5) cmp11(0,-1) 3; cmp11(-4,-1) 0 cmp11(1,-1); cmp11(-5,1) -1 cmp11(0,-1)];
A2311 = [cmp11(1,-7) cmp11(-14,1) cmp11(-4,5); -4 cmp11(-1,3) 3; cmp11(-5,1) cmp11(0,3) 3];
A2312 = [cmp11(-9,7) cmp11(-1,2) cmp11(4,1); cmp11(-1,2) 1 1; cmp11(4,1) 1 cmp11(1,-1)];
A2313 = [cmp11(-6,1) cmp11(-5,-1) cmp11(3,3); cmp11(-2,4) cmp11(-6,3) cmp11(9,-2); cmp11(4,1) cmp11(1,3) cmp11(1,-4)];
A2314 = [cmp11(-7,6) cmp11(8,-1) cmp11(11,1); cmp11(0,1) cmp11(2,-1) cmp11(2,-1); cmp11(4,1) cmp11(0,-2) cmp11(2,-3)];
A2315 = [cmp11(-5,2) cmp11(0,-2) cmp11(-2,-4); cmp11(-1,3) -3 -8; cmp11(4,1) cmp11(-2,1) cmp11(-5,4)];
A2316 = [cmp11(-8,6) -4 cmp11(-18,-7); cmp11(0,2) cmp11(-2,1) cmp11(-8,1); cmp11(4,1) cmp11(0,1) cmp11(-7,6)];
A2317 = [cmp11(-5,4) cmp11(-2,3) cmp11(1,-1); cmp11(1,1) 2 -1; cmp11(4,1) 3 -1];
A2318 = [-3 cmp11(0,-3) cmp11(5,-1); cmp11(0,3) cmp11(-8,3) cmp11(-4,-3); cmp11(4,1) cmp11(-2,4) cmp11(-6,1)];
A2319 = [cmp11(-5,3) cmp11(-1,1) cmp11(6,3); cmp11(1,2) cmp11(0,1) cmp11(6,-2); cmp11(4,1) 2 cmp11(4,-4)];
A2320 = [-1 0 0; cmp11(2,1) -1 0; cmp11(4,1) cmp11(-3,1) -1];
A2321 = [cmp11(-10,7) cmp11(-3,-8) cmp11(5,-5); cmp11(2,2) cmp11(-6,1) cmp11(-3,-1); cmp11(4,1) cmp11(-5,2) -3];
A2322 = [cmp11(-5,3) cmp11(-8,2) cmp11(3,-3); cmp11(3,1) cmp11(1,3) cmp11(-3,-1); cmp11(4,1) cmp11(3,3) -5];

function y = cmp11(a,b)
y = a + (b)*((1/2)+(1i)*sqrt(11)*(1/2));
end