A161 = [cmp11(-1,2) 0 3; 0 1 0; 4 0 cmp11(1,-2)];
A162 = [cmp11(-3,6) 0 -8; 0 1 0; 4 0 cmp11(-1,2)];
A163 = [cmp11(-2,1) cmp11(1,-2) cmp11(1,-2); cmp11(0,2) cmp11(-4,-1) cmp11(-5,-1); 4 cmp11(-4,2) cmp11(-4,3)];
A164 = [cmp11(-3,3) cmp11(2,-2) cmp11(-1,-1); cmp11(0,2) cmp11(-1,-1) -2; 4 -2 cmp11(-1,1)];
A165 = [cmp11(-1,1) -2 cmp11(-1,-1); 2 cmp11(1,1) cmp11(-2,2); 4 cmp11(0,2) cmp11(-3,3)];
A166 = [cmp11(-2,3) cmp11(3,1) cmp11(-1,-1); 2 cmp11(2,-1) -1; 4 cmp11(2,-2) cmp11(-2,1)];
A167 = [cmp11(-3,1) cmp11(-1,2) cmp11(4,3); cmp11(2,2) cmp11(5,-1) cmp11(8,-5); 4 cmp11(2,-2) cmp11(1,-5)];
A168 = [cmp11(-4,3) cmp11(3,-2) 3; cmp11(2,2) cmp11(-2,-1) cmp11(1,-1); 4 -2 cmp11(0,-1)];

function y = cmp11(a,b)
y = a + (b)*((1/2)+(1i)*sqrt(11)*(1/2));
end