A361 = [cmp11(-1,2) 0 2; 0 1 0; 6 0 cmp11(1,-2)];
A362 = [cmp11(-5,10) 0 -9; 0 1 0; 6 0 cmp11(-1,2)];
A363 = [-1 0 0; cmp11(0,2) 1 0; 6 cmp11(2,-2) -1];
A364 = [cmp11(-5,8) cmp11(13,3) cmp11(10,-5); cmp11(0,2) 3 cmp11(2,-1); 6 cmp11(4,-4) cmp11(-3,-2)];
A365 = [-5 cmp11(-1,-1) cmp11(4,-7); cmp11(2,4) cmp11(-3,2) cmp11(-18,5); 6 cmp11(0,2) cmp11(-5,8)];
A366 = [cmp11(-9,8) -17 cmp11(25,-1); cmp11(2,4) cmp11(-7,4) cmp11(11,-6); 6 cmp11(0,4) cmp11(-1,-6)];
A367 = [cmp11(3,-1) cmp11(-1,2) cmp11(-1,2); cmp11(-4,-2) cmp11(7,-1) cmp11(6,-1); cmp11(-6,2) cmp11(4,-4) cmp11(3,-3)];
A368 = [cmp11(-5,-9) cmp11(4,-7) cmp11(4,1); -2 cmp11(-1,-1) 1; cmp11(-6,2) -4 cmp11(1,-1)];
A369 = [cmp11(1,-1) 1 -1; -4 cmp11(-1,-1) cmp11(0,1); cmp11(-6,2) -2 cmp11(1,1)];
A3610 = [cmp11(-6,3) cmp11(-1,1) cmp11(11,8); cmp11(0,2) cmp11(0,1) cmp11(11,-2); cmp11(4,2) 2 cmp11(14,-9)];
A3611 = [cmp11(-6,1) cmp11(5,1) cmp11(3,1); cmp11(-2,4) cmp11(6,-3) cmp11(5,-2); cmp11(4,2) cmp11(0,-4) cmp11(0,-3)];
A3612 = [cmp11(-10,5) cmp11(-3,4) 3; cmp11(2,2) cmp11(2,1) cmp11(1,-1); cmp11(4,2) 4 cmp11(0,-1)];


function y = cmp11(a,b)
y = a + (b)*((1/2)+(1i)*sqrt(11)*(1/2));
end