A331 = [cmp11(5,-1) cmp11(3,1) cmp11(-2,-3); cmp11(-4,-3) cmp11(1,-4) cmp11(-6,5); cmp11(-6,1) cmp11(-5,-1) cmp11(3,3)];
A332 = [cmp11(5,-2) 4 -2; cmp11(-4,-3) cmp11(1,-4) cmp11(0,2); cmp11(-6,1) cmp11(-5,-1) 3];
A333 = [cmp11(5,-3) cmp11(5,-1) cmp11(-7,-2); cmp11(-4,-3) cmp11(1,-4) cmp11(-8,6); cmp11(-6,1) cmp11(-5,-1) cmp11(3,4)];
A334 = [cmp11(5,-4) cmp11(11,-1) cmp11(-3,5); cmp11(-4,-3) cmp11(4,-6) cmp11(7,1); cmp11(-6,1) cmp11(-4,-3) cmp11(5,-2)];
A335 = [cmp11(5,-5) cmp11(-2,-2) -4; cmp11(-4,-3) cmp11(-5,1) cmp11(-2,2); cmp11(-6,1) cmp11(-1,2) cmp11(1,1)];
A336 = [cmp11(5,-6) cmp11(3,2) cmp11(1,1); cmp11(-4,-3) cmp11(5,-1) 2; cmp11(-6,1) cmp11(1,-2) cmp11(1,-1)];
A337 = [cmp11(5,-7) cmp11(17,-4) cmp11(9,8); cmp11(-4,-3) cmp11(4,-6) cmp11(13,-2); cmp11(-6,1) cmp11(-4,-3) cmp11(5,-5)];
A338 = [cmp11(5,-8) cmp11(5,2) cmp11(-2,1); cmp11(-4,-3) cmp11(5,-1) cmp11(0,1); cmp11(-6,1) cmp11(1,-2) 1];
A339 = [cmp11(5,-9) cmp11(-6,-2) cmp11(-11,1); cmp11(-4,-3) cmp11(-5,1) cmp11(-4,3); cmp11(-6,1) cmp11(-1,2) cmp11(1,2)];
A3310 = [cmp11(5,-11) cmp11(-20,-3) cmp11(-1,8); cmp11(-4,-3) cmp11(-8,3) cmp11(4,1); cmp11(-6,1) cmp11(-2,4) cmp11(4,-1)];
A3311 = [-1 0 0; cmp11(-1,2) 1 0; cmp11(5,1) cmp11(1,-2) -1];
A3312 = [cmp11(-2,1) -1 cmp11(-1,-1); cmp11(-1,2) -1 -3; cmp11(5,1) cmp11(-1,2) cmp11(-4,3)];
A3313 = [cmp11(-3,2) 2 1; cmp11(-1,2) 1 1; cmp11(5,1) cmp11(1,-2) cmp11(0,-1)];
A3314 = [cmp11(-4,3) -3 cmp11(-1,-1); cmp11(-1,2) -1 -1; cmp11(5,1) cmp11(-1,2) cmp11(-2,1)];
A3315 = [cmp11(-5,4) cmp11(-9,4) cmp11(6,-3); cmp11(-1,2) cmp11(-2,2) cmp11(1,-1); cmp11(5,1) cmp11(4,3) cmp11(-3,-2)];
A3316 = [cmp11(-6,5) 5 cmp11(-17,-6); cmp11(-1,2) 1 -8; cmp11(5,1) cmp11(1,-2) cmp11(-9,8)];
A3317 = [cmp11(-7,6) cmp11(-1,6) cmp11(2,-3); cmp11(-1,2) cmp11(0,2) cmp11(1,-1); cmp11(5,1) cmp11(6,-1) -3];
A3318 = [cmp11(-8,7) cmp11(6,8) cmp11(8,-6); cmp11(-1,2) cmp11(4,1) cmp11(0,-2); cmp11(5,1) cmp11(7,-3) cmp11(-4,-1)];
A3319 = [cmp11(-9,8) -8 cmp11(-17,-6); cmp11(-1,2) -1 -5; cmp11(5,1) cmp11(-1,2) cmp11(-6,5)];
A3320 = [cmp11(-11,10) -10 cmp11(-8,-4); cmp11(-1,2) -1 -2; cmp11(5,1) cmp11(-1,2) cmp11(-3,2)];


function y = cmp11(a,b)
y = a + (b)*((1/2)+(1i)*sqrt(11)*(1/2));
end