A371 = [cmp11(1,-2) 0 6; cmp11(-5,-1) 1 cmp11(6,-6); cmp11(-5,3) cmp11(0,-1) cmp11(-7,-4)];
A372 = [cmp11(-11,-6) cmp11(-6,12) cmp11(-6,12); -1 1 0; cmp11(-5,3) 7 7];
A373 = [cmp11(-1,-4) cmp11(3,-6) cmp11(4,3); cmp11(-6,-1) cmp11(-5,-3) cmp11(6,-1); cmp11(-5,3) cmp11(-8,2) cmp11(3,-3)];
A374 = [cmp11(-5,-3) cmp11(-3,1) cmp11(6,-3); -2 cmp11(-1,1) cmp11(1,-1); cmp11(-5,3) cmp11(1,1) cmp11(-3,-2)];
A375 = [cmp11(1,-4) cmp11(0,-2) 6; cmp11(-7,-1) -3 cmp11(4,-4); cmp11(-5,3) cmp11(-2,1) cmp11(-3,-2)];
A376 = [cmp11(-8,-5) cmp11(1,5) cmp11(-7,6); -3 2 cmp11(0,1); cmp11(-5,3) cmp11(4,-1) cmp11(4,1)];
A377 = [cmp11(-6,-9) cmp11(-9,-5) cmp11(1,3); cmp11(-8,-1) -7 cmp11(2,1); cmp11(-5,3) cmp11(-3,3) cmp11(2,-1)];
A378 = [cmp11(-7,-5) cmp11(6,2) cmp11(9,-3); -4 cmp11(3,-1) cmp11(2,-2); cmp11(-5,3) cmp11(2,-2) cmp11(-2,-2)];
A379 = [cmp11(-2,-3) cmp11(-7,-1) cmp11(-3,4); -5 cmp11(-6,2) cmp11(2,3); cmp11(-5,3) cmp11(-2,5) cmp11(8,-1)];
A3710 = [cmp11(-6,-6) cmp11(6,-6) cmp11(13,-3); -6 cmp11(-1,-3) cmp11(4,-3); cmp11(-5,3) -5 cmp11(-2,-3)];
A3711 = [cmp11(-3,-2) cmp11(4,-4) 6; cmp11(-2,1) -3 cmp11(0,-2); cmp11(-5,3) cmp11(-7,-1) cmp11(1,-4)];
A3712 = [cmp11(-6,-7) cmp11(1,-2) cmp11(-7,3); -7 -1 cmp11(-1,2); cmp11(-5,3) -1 cmp11(2,1)];
A3713 = [cmp11(-8,-5) cmp11(3,-5) cmp11(-13,9); cmp11(-3,1) cmp11(-1,-1) cmp11(2,2); cmp11(-5,3) -4 cmp11(6,2)];
A3714 = [cmp11(-9,-6) cmp11(3,-5) cmp11(-14,9); cmp11(-4,1) -2 cmp11(1,2); cmp11(-5,3) -3 cmp11(5,2)];
A3715 = [cmp11(-6,-5) cmp11(14,-5) cmp11(-3,7); cmp11(-5,1) cmp11(1,-4) cmp11(5,1); cmp11(-5,3) cmp11(-4,-3) cmp11(6,-1)];
A3716 = [cmp11(1,-2) cmp11(1,-2) cmp11(0,1); cmp11(-6,1) cmp11(-5,1) cmp11(2,-1); cmp11(-5,3) cmp11(-4,2) cmp11(1,-1)];
A3717 = [cmp11(1,-1) 1 -1; cmp11(-4,2) cmp11(-1,-1) cmp11(2,1); cmp11(-5,3) cmp11(-1,-2) cmp11(4,1)];
A3718 = [cmp11(-11,-8) cmp11(-13,11) cmp11(11,1); cmp11(-5,2) cmp11(4,1) cmp11(1,-2); cmp11(-5,3) cmp11(5,1) cmp11(1,-2)];
A3719 = [cmp11(-7,-1) cmp11(-6,-2) 4; cmp11(-7,4) cmp11(-7,3) cmp11(2,-2); cmp11(2,3) cmp11(0,3) cmp11(-1,-1)];
A3720 = [cmp11(-11,2) cmp11(0,1) cmp11(0,-3); cmp11(-5,3) 0 cmp11(-2,-1); cmp11(2,3) 1 cmp11(-3,1)];
A3721 = [cmp11(-5,1) -2 cmp11(0,-4); cmp11(-3,2) cmp11(-1,1) cmp11(-4,-2); cmp11(2,3) cmp11(0,1) cmp11(-9,3)];
A3722 = [cmp11(-9,3) cmp11(0,5) 5; cmp11(-1,1) 1 0; cmp11(2,3) cmp11(6,-1) cmp11(1,-2)];
A3723 = [cmp11(-20,4) cmp11(-6,2) cmp11(2,9); cmp11(-6,4) cmp11(-2,1) cmp11(5,2); cmp11(2,3) cmp11(1,1) cmp11(5,-2)];
A3724 = [cmp11(-13,3) cmp11(-6,6) cmp11(6,6); cmp11(-4,3) cmp11(1,3) 6; cmp11(2,3) 5 cmp11(5,-3)];
A3725 = [cmp11(-16,5) cmp11(7,9) cmp11(9,-8); cmp11(-2,2) cmp11(4,1) cmp11(1,-2); cmp11(2,3) cmp11(7,-3) cmp11(-5,-1)];
A3726 = [cmp11(-9,3) cmp11(-4,-2) cmp11(0,-4); cmp11(0,1) cmp11(-1,1) -2; cmp11(2,3) cmp11(-3,2) cmp11(-5,1)];
A3727 = [cmp11(-19,4) cmp11(0,-7) cmp11(3,-9); cmp11(-5,4) cmp11(-3,-1) cmp11(-4,-2); cmp11(2,3) cmp11(-4,1) cmp11(-5,1)];
A3728 = [cmp11(-1,-1) -2 cmp11(-1,1); cmp11(-3,3) cmp11(1,3) cmp11(5,-1); cmp11(2,3) cmp11(7,1) cmp11(3,-4)];
A3729 = [cmp11(-13,4) cmp11(-1,-9) cmp11(11,-1); cmp11(-1,2) cmp11(-4,-1) cmp11(3,-2); cmp11(2,3) cmp11(-8,2) cmp11(0,-3)];
A3730 = [cmp11(-4,-1) -3 1; cmp11(-4,4) cmp11(-2,3) cmp11(1,-1); cmp11(2,3) cmp11(3,2) cmp11(-1,-1)];
A3731 = [cmp11(-15,4) cmp11(8,-1) cmp11(4,5); cmp11(-2,3) cmp11(2,-1) 4; cmp11(2,3) cmp11(0,-2) cmp11(4,-2)];
A3732 = [cmp11(-16,5) cmp11(-12,-1) cmp11(9,6); cmp11(0,2) cmp11(-2,1) cmp11(4,-1); cmp11(2,3) cmp11(-2,3) cmp11(5,-3)];
A3733 = [cmp11(-15,4) cmp11(7,-5) cmp11(1,-7); cmp11(-1,3) cmp11(-1,-1) -4; cmp11(2,3) cmp11(-3,-1) cmp11(-5,1)];
A3734 = [cmp11(-5,1) cmp11(-2,4) cmp11(5,1); cmp11(1,2) cmp11(5,-1) cmp11(1,-2); cmp11(2,3) cmp11(8,-1) cmp11(3,-4)];
A3735 = [cmp11(-1,-1) cmp11(2,-2) 4; cmp11(0,3) cmp11(-7,3) cmp11(-6,-2); cmp11(2,3) cmp11(-7,4) cmp11(-7,-1)];
A3736 = [cmp11(-13,3) cmp11(7,-9) cmp11(8,-9); cmp11(1,3) -6 -7; cmp11(2,3) -7 -7];


function y = cmp11(a,b)
y = a + (b)*((1/2)+(1i)*sqrt(11)*(1/2));
end