A51 = [cmp11(-1,-1) -2 cmp11(-1,1); -1 cmp11(-1,1) 1; cmp11(-2,1) cmp11(0,1) 1];
A52 = [cmp11(0,-1) 1 1; -2 cmp11(0,-1) cmp11(1,-1); cmp11(-2,1) -1 cmp11(-1,-1)];
A53 = [-1 -1 cmp11(0,1); cmp11(-1,1) cmp11(0,1) 2; cmp11(1,1) 1 cmp11(2,-1)];
A54 = [-1 -1 cmp11(0,1); cmp11(0,1) cmp11(1,1) cmp11(2,-1); cmp11(1,1) 2 cmp11(1,-1)];

function y = cmp11(a,b)
y = a + (b)*((1/2)+(1i)*sqrt(11)*(1/2));
end