A91 = [cmp11(-1,2) 0 4; 0 1 0; 3 0 cmp11(1,-2)];
A92 = [cmp11(-2,4) 0 -7; 0 1 0; 3 0 cmp11(-1,2)];
A93 = [cmp11(-1,1) 1 1; cmp11(0,1) 0 1; 3 cmp11(1,-1) cmp11(0,-1)];
A94 = [cmp11(-2,3) cmp11(-5,-1) cmp11(1,-2); cmp11(0,1) -1 0; 3 cmp11(-2,2) -2];
A95 = [cmp11(-3,1) -2 cmp11(-1,-3); cmp11(1,2) cmp11(-1,1) cmp11(-7,2); 3 cmp11(0,1) cmp11(-2,3)];
A96 = [cmp11(-4,3) cmp11(-2,-1) cmp11(-1,-1); cmp11(1,2) cmp11(-3,1) -2; 3 cmp11(0,1) cmp11(-1,1)];
A97 = [cmp11(0,-3) cmp11(0,2) cmp11(-2,1); cmp11(-2,-1) cmp11(2,1) cmp11(0,1); cmp11(-3,1) cmp11(2,-1) 1];
A98 = [cmp11(-1,-2) 4 4; -1 1 0; cmp11(-3,1) cmp11(1,-2) cmp11(1,-2)];
A99 = [cmp11(-1,-3) cmp11(7,-2) cmp11(-2,3); -2 cmp11(1,-1) cmp11(0,1); cmp11(-3,1) cmp11(-1,-2) 3];
A910 = [cmp11(-7,4) cmp11(-5,1) cmp11(4,1); cmp11(0,1) 0 1; cmp11(2,1) cmp11(0,1) cmp11(1,-1)];
A911 = [cmp11(-7,3) cmp11(8,-5) cmp11(4,-5); cmp11(-1,2) cmp11(0,-2) cmp11(-2,-1); cmp11(2,1) cmp11(-3,-1) -3];
A912 = [-1 0 0; cmp11(1,1) -1 0; cmp11(2,1) cmp11(-2,1) -1];

function y = cmp11(a,b)
y = a + (b)*((1/2)+(1i)*sqrt(11)*(1/2));
end