A271 = [cmp11(-6,-7) cmp11(-8,6) cmp11(4,1); -1 cmp11(0,1) 1; cmp11(-5,2) cmp11(3,1) cmp11(1,-1)];
A272 = [cmp11(1,-1) 1 cmp11(4,1); cmp11(-3,-1) cmp11(0,-1) cmp11(8,-6); cmp11(-5,2) -1 cmp11(-6,-7)];
A273 = [cmp11(-2,-9) cmp11(8,7) cmp11(-1,5); cmp11(-5,-2) cmp11(7,1) cmp11(2,2); cmp11(-5,2) cmp11(4,-3) cmp11(3,-1)];
A274 = [cmp11(-3,-4) cmp11(2,-4) cmp11(-1,2); -2 -1 0; cmp11(-5,2) -4 2];
A275 = [cmp11(2,-1) cmp11(0,1) -1; cmp11(-4,-1) cmp11(4,-2) cmp11(1,1); cmp11(-5,2) cmp11(-1,-3) cmp11(3,-1)];
A276 = [cmp11(-5,-8) cmp11(7,4) cmp11(4,1); -4 3 1; cmp11(-5,2) cmp11(3,-2) cmp11(1,-1)];
A277 = [cmp11(-5,-7) cmp11(10,6) cmp11(13,1); cmp11(-3,1) cmp11(3,-1) cmp11(1,-1); cmp11(-5,2) cmp11(5,-3) cmp11(2,-3)];
A278 = [cmp11(-3,-7) cmp11(10,-6) cmp11(1,3); -5 cmp11(-1,-3) 3; cmp11(-5,2) cmp11(-4,-1) cmp11(2,-1)];
A279 = [cmp11(2,-1) 1 cmp11(1,1); cmp11(-5,1) -2 cmp11(0,-3); cmp11(-5,2) cmp11(-2,1) cmp11(-2,-3)];
A2710 = [cmp11(-4,-1) cmp11(-4,2) cmp11(0,2); cmp11(-1,1) cmp11(0,1) 2; cmp11(-3,3) cmp11(3,2) cmp11(4,-1)];
A2711 = [cmp11(-9,-2) cmp11(-7,1) cmp11(-3,5); cmp11(-1,1) cmp11(-1,1) 2; cmp11(-3,3) cmp11(0,2) 4];
A2712 = [cmp11(-14,-3) cmp11(-6,1) cmp11(-1,2); cmp11(-1,1) 1 0; cmp11(-3,3) cmp11(0,1) 1];
A2713 = [cmp11(-2,-1) -1 cmp11(-3,2); cmp11(-3,1) 0 cmp11(1,2); cmp11(-3,3) cmp11(-1,1) cmp11(6,1)];
A2714 = [cmp11(-7,-2) cmp11(0,-4) 3; cmp11(-3,1) -3 cmp11(1,-1); cmp11(-3,3) cmp11(-4,1) cmp11(0,-1)];
A2715 = [cmp11(0,-1) -1 1; cmp11(-4,1) cmp11(-1,1) cmp11(0,-1); cmp11(-3,3) cmp11(0,2) cmp11(-1,-1)];
A2716 = [cmp11(-5,-2) cmp11(2,-5) cmp11(10,-3); cmp11(-4,1) cmp11(-4,-1) cmp11(2,-4); cmp11(-3,3) cmp11(-6,1) cmp11(-4,-3)];
A2717 = [cmp11(-10,-3) -4 cmp11(8,-6); cmp11(-4,1) cmp11(-2,1) cmp11(0,-2); cmp11(-3,3) cmp11(0,1) cmp11(-4,-1)];
A2718 = [cmp11(1,-2) 0 3; cmp11(-6,1) -1 cmp11(0,-3); cmp11(-3,3) cmp11(-1,1) cmp11(-4,-1)];
A2719 = [cmp11(-4,-3) cmp11(-3,6) cmp11(1,4); cmp11(-6,1) cmp11(5,3) cmp11(6,1); cmp11(-3,3) cmp11(8,-2) cmp11(5,-3)];
A2720 = [cmp11(-5,-2) cmp11(-1,-1) cmp11(-1,1); cmp11(-3,2) cmp11(-2,1) 1; cmp11(-3,3) cmp11(-1,1) 1];
A2721 = [cmp11(-10,-3) cmp11(-1,-5) cmp11(-5,7); cmp11(-3,2) -2 cmp11(3,1); cmp11(-3,3) cmp11(-4,1) 5];
A2722 = [cmp11(-6,3) cmp11(3,-1) cmp11(5,3); cmp11(-1,1) cmp11(1,-1) 2; cmp11(3,2) cmp11(-1,-1) cmp11(5,-3)];
A2723 = [cmp11(-9,4) cmp11(-1,5) cmp11(4,-1); cmp11(-2,2) cmp11(1,2) cmp11(2,-1); cmp11(3,2) cmp11(5,-1) cmp11(-1,-1)];
A2724 = [-6 cmp11(6,2) 5; cmp11(-4,4) cmp11(7,-4) cmp11(2,-3); cmp11(3,2) cmp11(-1,-3) cmp11(-2,-1)];
A2725 = [cmp11(-7,3) cmp11(6,-1) 3; cmp11(-1,2) cmp11(2,-2) cmp11(1,-1); cmp11(3,2) cmp11(-1,-2) cmp11(0,-1)];
A2726 = [cmp11(-5,1) cmp11(2,3) cmp11(4,-1); cmp11(-2,3) cmp11(6,-1) cmp11(0,-2); cmp11(3,2) cmp11(4,-3) cmp11(-2,-1)];
A2727 = [cmp11(-10,5) cmp11(-7,6) cmp11(5,-2); cmp11(1,1) 2 -1; cmp11(3,2) cmp11(4,1) cmp11(-1,-1)];
A2728 = [cmp11(-5,1) cmp11(4,-1) cmp11(2,3); cmp11(-1,3) cmp11(1,-2) cmp11(7,-1); cmp11(3,2) cmp11(-2,-2) cmp11(5,-4)];
A2729 = [cmp11(-15,7) cmp11(-5,8) cmp11(3,-4); cmp11(1,2) 3 -2; cmp11(3,2) 4 -2];
A2730 = [cmp11(-10,4) cmp11(0,-4) 3; cmp11(2,2) -3 cmp11(1,-1); cmp11(3,2) cmp11(-4,1) cmp11(0,-1)];
A2731 = [cmp11(-3,-1) -2 cmp11(-2,2); cmp11(-5,2) cmp11(-1,1) cmp11(2,2); cmp11(0,3) cmp11(0,1) cmp11(5,-1)];
A2732 = [cmp11(-15,1) cmp11(7,4) cmp11(4,1); cmp11(-5,2) 3 1; cmp11(0,3) cmp11(3,-2) cmp11(1,-1)];
A2733 = [-1 0 0; cmp11(-1,1) -1 0; cmp11(0,3) cmp11(0,1) -1];
A2734 = [cmp11(-13,2) cmp11(0,-8) 8; cmp11(-1,1) -1 0; cmp11(0,3) cmp11(-6,1) cmp11(1,-2)];
A2735 = [-1 0 0; cmp11(0,1) -1 0; cmp11(0,3) cmp11(-1,1) -1];
A2736 = [cmp11(-7,1) cmp11(-4,-1) cmp11(2,-3); cmp11(0,1) cmp11(0,1) -2; cmp11(0,3) cmp11(-2,2) -4];
A2737 = [cmp11(-13,2) cmp11(-5,-6) cmp11(7,-5); cmp11(0,1) cmp11(-1,1) -2; cmp11(0,3) cmp11(-5,2) cmp11(-3,-1)];
A2738 = [-5 cmp11(-3,-1) cmp11(1,1); cmp11(-3,2) cmp11(-2,1) 1; cmp11(0,3) cmp11(-2,2) cmp11(2,-1)];
A2739 = [cmp11(-11,1) cmp11(-2,-1) cmp11(-1,6); cmp11(-3,2) -2 cmp11(3,1); cmp11(0,3) cmp11(-1,1) cmp11(5,-1)];
A2740 = [cmp11(-17,2) cmp11(6,8) cmp11(8,4); cmp11(-3,2) 3 2; cmp11(0,3) cmp11(5,-2) cmp11(3,-2)];
A2741 = [-4 -2 cmp11(-2,5); cmp11(-2,2) cmp11(0,1) cmp11(6,1); cmp11(0,3) cmp11(0,1) cmp11(11,-2)];
A2742 = [cmp11(-16,2) cmp11(-8,6) cmp11(4,1); cmp11(-2,2) cmp11(0,1) 1; cmp11(0,3) cmp11(3,1) cmp11(1,-1)];

function y = cmp11(a,b)
y = a + (b)*((1/2)+(1i)*sqrt(11)*(1/2));
end