A31 = [cmp11(-4,-1) cmp11(1,-2) cmp11(-1,2); -1 -1 0; cmp11(-1,1) -1 1];
A32 = [-5 cmp11(-3,2) cmp11(2,-1); cmp11(-2,1) cmp11(1,1) cmp11(0,-1); cmp11(0,1) 1 -1];

function y = cmp11(a,b)
y = a + (b)*((1/2)+(1i)*sqrt(11)*(1/2));
end