A121 = [cmp11(-3,-1) cmp11(2,-3) cmp11(10,-5); -2 cmp11(-1,-1) cmp11(3,-4); cmp11(-2,2) -4 cmp11(-7,-3)];
A122 = [cmp11(0,-1) -1 1; cmp11(-2,2) cmp11(2,1) cmp11(-1,-1); cmp11(0,2) 4 cmp11(-2,-1)];

function y = cmp11(a,b)
y = a + (b)*((1/2)+(1i)*sqrt(11)*(1/2));
end