A251 = [cmp11(-1,2) 0 -2; 0 1 0; 5 0 cmp11(-1,2)];
A252 = [cmp11(-2,4) 0 9; 0 1 0; 5 0 cmp11(2,-4)];
A253 = [cmp11(-3,6) 0 20; 0 1 0; 5 0 cmp11(3,-6)];
A254 = [cmp11(-4,8) 0 9; 0 1 0; 5 0 cmp11(1,-2)];
A255 = [cmp11(-1,1) 1 1; cmp11(1,1) cmp11(2,-1) cmp11(1,-1); 5 cmp11(-1,-2) cmp11(-1,-1)];
A256 = [cmp11(-3,5) cmp11(4,3) cmp11(1,-2); cmp11(1,1) 1 0; 5 cmp11(4,-2) -2];
A257 = [cmp11(-4,7) cmp11(-3,-2) cmp11(-11,-1); cmp11(1,1) 0 cmp11(-2,1); 5 cmp11(-2,1) cmp11(-2,3)];
A258 = [cmp11(-5,9) cmp11(3,3) cmp11(-4,-1); cmp11(1,1) 2 -1; 5 cmp11(2,-1) cmp11(-1,1)];
A259 = [-2 -2 1; cmp11(2,2) cmp11(3,2) cmp11(-2,-1); 5 cmp11(7,-1) cmp11(-5,1)];
A2510 = [cmp11(-4,4) cmp11(0,2) 3; cmp11(2,2) 3 cmp11(1,-1); 5 cmp11(2,-1) cmp11(0,-1)];
A2511 = [cmp11(-5,6) cmp11(-9,-1) cmp11(0,-3); cmp11(2,2) cmp11(-5,2) cmp11(-2,-1); 5 cmp11(-1,3) cmp11(-3,1)];
A2512 = [cmp11(-6,8) 14 cmp11(7,-4); cmp11(2,2) cmp11(3,-2) cmp11(0,-1); 5 cmp11(1,-3) cmp11(-2,-1)];
A2513 = [cmp11(-4,5) cmp11(-3,1) 3; cmp11(3,1) cmp11(-1,1) cmp11(1,-1); 5 cmp11(1,1) cmp11(0,-1)];
A2514 = [cmp11(-5,7) cmp11(6,-2) 12; cmp11(3,1) cmp11(-1,-1) cmp11(2,-2); 5 cmp11(-1,-1) cmp11(1,-3)];
A2515 = [cmp11(-6,9) cmp11(-14,5) cmp11(3,-4); cmp11(3,1) cmp11(1,2) -2; 5 cmp11(2,2) -2];
A2516 = [cmp11(-4,5) cmp11(-8,-1) cmp11(-1,-3); cmp11(1,2) cmp11(-3,1) -2; 5 cmp11(-2,3) cmp11(-3,1)];
A2517 = [cmp11(-5,7) cmp11(10,2) cmp11(7,-3); cmp11(1,2) cmp11(5,-1) cmp11(1,-2); 5 cmp11(2,-3) cmp11(-2,-1)];
A2518 = [cmp11(-6,9) cmp11(-6,2) cmp11(-4,-1); cmp11(1,2) cmp11(-2,1) -1; 5 cmp11(1,1) cmp11(-1,1)];
A2519 = [cmp11(-5,-4) -1 cmp11(-2,1); cmp11(-8,1) cmp11(-1,1) cmp11(0,1); cmp11(-2,3) 1 1];
A2520 = [cmp11(-3,-3) cmp11(-6,2) 4; cmp11(-7,1) cmp11(-1,3) cmp11(2,-2); cmp11(-2,3) cmp11(3,1) cmp11(-1,-1)];
A2521 = [cmp11(1,-2) 0 -2; cmp11(-6,1) 1 cmp11(0,2); cmp11(-2,3) cmp11(1,-1) 3];
A2522 = [cmp11(-9,-2) cmp11(10,5) cmp11(6,5); cmp11(-5,1) 6 cmp11(4,1); cmp11(-2,3) cmp11(5,-4) cmp11(5,-3)];
A2523 = [cmp11(-7,-1) cmp11(3,-4) 3; cmp11(-3,1) cmp11(-2,-1) cmp11(1,-1); cmp11(-2,3) -4 cmp11(0,-1)];
A2524 = [cmp11(-13,-1) cmp11(13,-8) cmp11(6,5); cmp11(-1,1) cmp11(0,-1) 2; cmp11(-2,3) cmp11(-4,-2) cmp11(4,-2)];
A2525 = [cmp11(-5,-2) cmp11(5,-6) cmp11(10,-1); cmp11(-5,2) cmp11(-6,-2) cmp11(3,-5); cmp11(-2,3) cmp11(-7,1) cmp11(-3,-3)];
A2526 = [cmp11(-12,-2) -4 cmp11(-4,5); cmp11(-4,2) cmp11(-2,1) cmp11(2,1); cmp11(-2,3) cmp11(0,1) 3];
A2527 = [cmp11(-4,-1) cmp11(1,-4) 5; cmp11(-2,2) cmp11(-6,1) cmp11(1,-3); cmp11(-2,3) cmp11(-7,2) cmp11(-1,-3)];
A2528 = [-15 cmp11(3,-4) cmp11(5,-7); cmp11(-4,1) cmp11(-1,-1) cmp11(0,-2); cmp11(-1,3) -2 -4];
A2529 = [cmp11(-9,-3) cmp11(3,-2) cmp11(2,-1); cmp11(-8,2) cmp11(-1,-1) cmp11(0,-1); cmp11(-1,3) -1 -1];
A2530 = [-9 cmp11(-2,-1) cmp11(2,-3); cmp11(-3,1) -2 cmp11(0,-1); cmp11(-1,3) cmp11(-1,1) -3];
A2531 = [cmp11(-13,-2) cmp11(1,-6) cmp11(1,3); cmp11(-7,2) cmp11(-2,-2) cmp11(2,1); cmp11(-1,3) cmp11(-4,1) cmp11(2,-1)];
A2532 = [cmp11(-2,-2) 2 cmp11(3,-1); cmp11(-6,2) cmp11(1,-1) cmp11(-1,-2); cmp11(-1,3) cmp11(0,-1) -3];
A2533 = [-3 cmp11(0,1) cmp11(2,-3); cmp11(-1,1) 2 cmp11(-2,-1); cmp11(-1,3) cmp11(3,-1) -9];
A2534 = [cmp11(-10,-1) cmp11(-3,-4) cmp11(1,3); cmp11(-5,2) -5 3; cmp11(-1,3) cmp11(-3,2) cmp11(2,-1)];
A2535 = [-15 cmp11(-4,7) cmp11(4,1); cmp11(-3,2) cmp11(1,1) 1; cmp11(-1,3) 4 cmp11(1,-1)];
A2536 = [-12 cmp11(-6,2) cmp11(5,-7); cmp11(-2,2) cmp11(1,1) cmp11(-3,-1); cmp11(-1,3) cmp11(1,1) -5];
A2537 = [-11 cmp11(2,7) cmp11(9,-3); cmp11(-1,2) cmp11(5,-1) cmp11(0,-2); cmp11(-1,3) cmp11(6,-2) cmp11(-2,-2)];

function y = cmp11(a,b)
y = a + (b)*((1/2)+(1i)*sqrt(11)*(1/2));
end