%This script allocates values for centers of Cygan balls and vertices in
%convex hull decomposition for D^(2)_{infinity}
v = sqrt(11);

c11 = [0;0];                               %allocate values for Cygan ball centers
c12 = [0;2*v];
c13 = [1;v];
c14 = [cmp11(0,1);v];
c16 = [cmp11(-1,1);v];
c17 = [cmp11(1,1);v];
c31 = [cmp11(0,1/3);(5/3)*v];
c33 = [cmp11(1/3,2/3);(5/3)*v];
c34 = [cmp11(2/3,1/3);v];
c41 = [0;v];
c43 = [1;2*v];
c53 = [cmp11(1/5,2/5);(1/5)*v];
c92 = [0;(4/3)*v];
c915 = [1; (5/3)*v];
c2545 = [cmp11(14/25,4/25);(36/25)*v];
c2314 =[cmp11(3/23,4/23);(31/23)*sqrt(11)];
 
q1 = [cmp11(0,2/5);0];                         %allocate values for vertices in 
q2 = [cmp11(1/3,2/3);0];                       %convex hull pieces
q3 = [cmp11(0,4/5);0];
q4 = [cmp11(1/5,4/5);0];
q5 = [cmp11(0,2/3);(3/11)*v];
q6 = [cmp11(2/7,5/7);(3/11)*v];
q7 = [cmp11(0,2/5);(3/11)*v];
q8 = [cmp11(3/5,2/5);(3/11)*v];
q9 = [0;(4/7)*v];
q10 = [1; (3/7)*v];
q11 = [cmp11(0,1);(10/23)*v];
q12 = [cmp11(3/20,17/20);(9/16)*v];
q13 = [cmp11(0,4/5);(10/23)*v];
q14 = [cmp11(2/7,5/7);(10/23)*v];
q15 = [cmp11(0,2/3);(10/23)*v];
q16 = [cmp11(0,1/5);(9/10)*v];
q17 = [0;(9/10)*v];
q18 = [cmp11(0,3/10);(26/21)*v];
q19 = [cmp11(0,3/10);(9/10)*v];
q20 = [cmp11(0,17/50);(13387/10000)*v];
q21 = [cmp11(0,1);(11/7)*v];
q22 = [0;(26/21)*v];
q23 = [cmp11(0,3/10);(10/7)*v];
q24 = [0;(10/7)*v];
q25 = [1;(15/14)*v];
q26 = [cmp11(2/3,1/3);(4/3)*v];
q27 = [cmp11(7/10,3/10);(16/11)*v];
q28 = [1;(3/2)*v];
q29 = [1;(7/4)*v];
q30 = [cmp11(3/5,2/5);(7/4)*v];
q31 = [cmp11(1/3,2/3);(19/10)*v];
q32 = [cmp11(0,1/2);(5/3)*v];
q33 = [cmp11(1/3,2/3);2*v];
q34 = [cmp11(0,2/3);2*v];
q35 = [4/5;2*v];
q36 = [cmp11(4/5,1/5);2*v];
q37 = [4/5;(7/4)*v];
q38 = [4/5;(3/2)*v];
q39 = [1/2;(10/7)*v];
q40 = [3/10;(26/21)*v];
q41 = [3/10;(15/14)*v];
q42 = [cmp11(2585/10000,2231/10000);(12422/10000)*v];
q43 = [cmp11(4906/10000,1508/10000);(15980/10000)*v];
q44 = [cmp11(5170/10000,2191/10000);(15498/10000)*v];
q45 = [cmp11(2515/10000,2379/10000);(14243/10000)*v];
q46 = [cmp11(5150/10000,2400/10000);(13350/10000)*v];
q47 = [cmp11(4670/10000,1230/10000);(14375/10000)*v];
q48 = [cmp11(4220/10000,1303/10000);(14292/10000)*v];
q49 = [cmp11(4405/10000,2171/10000);(15016/10000)*v];
q50 = [cmp11(3784/10000,2147/10000);(13502/10000)*v];
q51 = [cmp11(4055/10000,2160/10000);(14483/10000)*v];
q52 = [cmp11(3930/10000,2160/10000);(14343/10000)*v];
